0.000084745932272765011044474148249605605 
0                                         
-0.000254237796818295033133422444748816815 
0                                         
0.000254237796818295033133422444748816815 
0                                         
-0.000084745932272765011044474148249605605 
1                                        
-5.792642765582536767965393664781004190445
14.009048306253804483390013047028332948685
-18.105324897266807937512567150406539440155
13.188511679497608497513283509761095046997
-5.134012319560332215928610821720212697983
0.834420683917564853793180645880056545138
