1.0263688084346062e-33
0.0
-1.0263688084346062e-32
0.0
4.6186596379557276e-32
0.0
-1.2316425701215274e-31
0.0
2.1553744977126727e-31
0.0
-2.5864493972552076e-31
0.0
2.1553744977126727e-31
0.0
-1.2316425701215274e-31
0.0
4.6186596379557276e-32
0.0
-1.0263688084346062e-32
0.0
1.0263688084346062e-33
1.0
-19.963021649356893
189.32858068033028
-1134.236727297795
4813.919933368504
-15385.97393108111
38424.750384992374
-76781.57022261532
124679.8194078404
-166146.26092684933
182687.4791920029
-166039.52307168127
124519.67398345648
-76633.68420698572
38326.10417258373
-15336.615097910637
4795.393981339764
-1129.1458489760766
188.3577182374566
-19.84789366512757
0.9935942098554762
