0.000000107538202473748238612293601570991  
0                                          
-0.000000537691012368741140121908804461182  
0                                          
0.000001075382024737482280243817608922363  
0                                          
-0.000001075382024737482280243817608922363  
0                                          
0.000000537691012368741140121908804461182  
0                                          
-0.000000107538202473748238612293601570991                                  
1                                        
-9.681852219391897662603696517180651426315
42.233714373225225813257566187530755996704
-109.30632481557930191229388583451509475708 
185.878454120357247347783413715660572052002
-217.012256355767476634355261921882629394531
176.159237663239480298216221854090690612793
-98.174517801396703475802496541291475296021
35.949377846223711685524904169142246246338
-7.810367183679550961983295565005391836166
0.764534372867220146652300627465592697263
