-0.019896989813842601291238310068365535699
-0.01879539096363537498124429703239002265 
-0.017630164390322857620452268179178645369
-0.016404806346960430080139659025917353574
-0.015123027991071187614569026891331304796
-0.013788743416983401807174303144165605772
-0.012406056930873607738186059634699631715
-0.010979249612234060276549918455657461891
-0.009512765208236127409402449472963780863
-0.008011195410047793064034493681901949458
-0.006479264562569514614154275733426402439
-0.004921813861272286705350609281595097855
-0.003343785091843747177275947279895262909
-0.001750203970165971952693828583846880065
-0.000146163141752741885430813550961204328
 0.001463195098838854669304199163093471725
 0.0030726963069463114446022711234718372  
 0.004677151542480329805828720424187849858
 0.00627137511703640838228723808356335212 
 0.007850202369668213275843982046353630722
 0.009408507407327588306644727822458662558
 0.010941220745990739432462746094643080141
 0.012443346788745470940518167424215789651
 0.013909981077608211605389776366337173386
 0.01533632725657217872605730946133917314 
 0.016717713684354731235037760939121653792
 0.018049609636511244198375791825128544588
 0.01932764103800951524525508773422188824 
 0.020547605669007540374337850153096951544
 0.021705487788442626162499493602808797732
 0.022797472122114900705547313464194303378
 0.02381995716422404332779372282402619021 
 0.024769567743788311470209961839827883523
 0.025643166810027897412060937654132430907
 0.026437866393622905941684919639556028415
 0.027151037703746477153243787938663444947
 0.027780320323917809949287871518208703492
 0.028323630473001799867649452835394185968
 0.028779168301094591037037062619674543384
 0.029145424193559595071878476346682873555
 0.029421184060106506108489554662810405716
 0.029605533589521337844985282572451978922
 0.029697861454444855755507859385033953004
 0.029697861454444855755507859385033953004
 0.029605533589521337844985282572451978922
 0.029421184060106506108489554662810405716
 0.029145424193559595071878476346682873555
 0.028779168301094591037037062619674543384
 0.028323630473001799867649452835394185968
 0.027780320323917809949287871518208703492
 0.027151037703746477153243787938663444947
 0.026437866393622905941684919639556028415
 0.025643166810027897412060937654132430907
 0.024769567743788311470209961839827883523
 0.02381995716422404332779372282402619021 
 0.022797472122114900705547313464194303378
 0.021705487788442626162499493602808797732
 0.020547605669007540374337850153096951544
 0.01932764103800951524525508773422188824 
 0.018049609636511244198375791825128544588
 0.016717713684354731235037760939121653792
 0.01533632725657217872605730946133917314 
 0.013909981077608211605389776366337173386
 0.012443346788745470940518167424215789651
 0.010941220745990739432462746094643080141
 0.009408507407327588306644727822458662558
 0.007850202369668213275843982046353630722
 0.00627137511703640838228723808356335212 
 0.004677151542480329805828720424187849858
 0.0030726963069463114446022711234718372  
 0.001463195098838854669304199163093471725
-0.000146163141752741885430813550961204328
-0.001750203970165971952693828583846880065
-0.003343785091843747177275947279895262909
-0.004921813861272286705350609281595097855
-0.006479264562569514614154275733426402439
-0.008011195410047793064034493681901949458
-0.009512765208236127409402449472963780863
-0.010979249612234060276549918455657461891
-0.012406056930873607738186059634699631715
-0.013788743416983401807174303144165605772
-0.015123027991071187614569026891331304796
-0.016404806346960430080139659025917353574
-0.017630164390322857620452268179178645369
-0.01879539096363537498124429703239002265 
-0.019896989813842601291238310068365535699
