0.000000024136223135150423231980277107879 
0                                         
-0.000000096544892540601692927921108431516 
0                                         
0.000000144817338810902546009326563071495 
0                                         
-0.000000096544892540601692927921108431516 
0                                         
0.000000024136223135150423231980277107879 
1                                        
-7.922826018649955948092156177153810858727
27.474044376644254583652582368813455104828
-54.464200877699383340768690686672925949097
67.509315305846385513177665416151285171509
-53.577227265292947322450345382094383239746
26.586479597427832288758509093895554542542
-7.542018361359874134564051928464323282242
0.936433243152022476429863218072568997741
