0.87710877147792265517978194111492484808 
-5.262652628867535931078691646689549088478
13.156631572168839383607519266661256551743
-17.542175429558454879952478222548961639404
13.156631572168841159964358666911721229553
-5.262652628867535931078691646689549088478
0.87710877147792265517978194111492484808 
1                                        
-5.737825125582187268946654512546956539154
13.723272627253079392062318220268934965134
-17.512040415605156340461689978837966918945
12.574888305955514766765190870501101016998
-4.817615103187595337885795743204653263092
0.769319797003510608135457005118951201439
