0.000000000087599007674079745238032994753  
0.000000000525594046044478445578803826237  
0.00000000131398511511119621734458613472   
0.000000001751980153481595163254601317884  
0.00000000131398511511119621734458613472   
0.000000000525594046044478445578803826237  
0.000000000087599007674079745238032994753  
1                                        
-5.834923187620913331841165927471593022346
14.188185976032460899887155392207205295563
-18.402808106779126262608770048245787620544
13.428564545074072711372537014540284872055
-5.226832212110282149808426765957847237587
0.847812991010125305280098473303951323032
