0.030835479328768056889176207846503530163
0.031116049959739423141913405856939789373
0.031378623449660560107421503062141709961
0.03162291408794420249916967691206082236 
0.03184865580922907613015127026301342994 
0.032055602539196766109785841081247781403
0.032243528514558618403018641629387275316
0.032412228576758995990392264729962334968
0.032561518438978642731029822243726812303
0.032691234926059450915936110959592042491
0.032801236187010390787932578859908971936
0.032891401879793114026995226595317944884
0.032961633328125017339260693916003219783
0.033011853650077298272247361410336452536
0.033042007858285440957679668372293235734
0.033052062931629933029142875966499559581
0.033042007858285440957679668372293235734
0.033011853650077298272247361410336452536
0.032961633328125017339260693916003219783
0.032891401879793114026995226595317944884
0.032801236187010390787932578859908971936
0.032691234926059450915936110959592042491
0.032561518438978642731029822243726812303
0.032412228576758995990392264729962334968
0.032243528514558618403018641629387275316
0.032055602539196766109785841081247781403
0.03184865580922907613015127026301342994 
0.03162291408794420249916967691206082236 
0.031378623449660560107421503062141709961
0.031116049959739423141913405856939789373
0.030835479328768056889176207846503530163
