
0.000000000423871404666223739463745661182  
0.000000002543228427997342333384897397966  
0.000000006358071069993356660642856047943  
0.000000008477428093324474996070066361905  
0.000000006358071069993355833462243494915  
0.000000002543228427997342333384897397966  
0.000000000423871404666223739463745661182  
1                                        
-5.784431369365712782837363192811608314514
13.945268989990514896248896548058837652206
-17.935200822444993917770261759869754314423
12.978372028023827056131267454475164413452
-5.010058742390406827382776100421324372292
0.806049943314541050831678603572072461247
