6.504952566964285325e+03
6.514917490433673265e+03
6.524882413903059387e+03
6.534847337372448237e+03
6.544812260841837087e+03
6.554777184311224119e+03
6.564742107780612059e+03
6.574707031250000000e+03
6.584671954719387031e+03
6.594636878188774972e+03
6.604601801658162913e+03
6.614566725127549944e+03
6.624531648596938794e+03
6.634496572066326735e+03
6.644461495535713766e+03
6.654426419005101707e+03
6.664391342474489647e+03
6.674356265943875769e+03
6.684321189413265529e+03
6.694286112882653470e+03
6.704251036352040501e+03
6.714215959821427532e+03
6.724180883290815473e+03
6.734145806760203413e+03
6.744110730229590445e+03
6.754075653698978385e+03
6.764040577168367236e+03
6.774005500637754267e+03
6.783970424107142208e+03
6.793935347576530148e+03
6.803900271045917179e+03
6.813865194515305120e+03
6.823830117984693061e+03
6.833795041454080092e+03
6.843759964923468942e+03
6.853724888392856883e+03
6.863689811862244824e+03
6.873654735331632764e+03
6.883619658801019796e+03
6.893584582270408646e+03
6.903549505739795677e+03
6.913514429209183618e+03
6.923479352678570649e+03
6.933444276147958590e+03
6.943409199617346530e+03
6.953374123086733562e+03
6.963339046556121502e+03
6.973303970025510353e+03
6.983268893494895565e+03
6.993233816964285325e+03
7.003198740433673265e+03
7.013163663903059387e+03
7.023128587372447328e+03
7.033093510841837087e+03
7.043058434311224119e+03
7.053023357780612059e+03
7.062988281250000000e+03
7.072953204719387031e+03
7.082918128188774972e+03
7.092883051658162913e+03
7.102847975127549944e+03
7.112812898596938794e+03
7.122777822066326735e+03
7.132742745535713766e+03
7.142707669005101707e+03
7.152672592474489647e+03
7.162637515943875769e+03
7.172602439413265529e+03
7.182567362882653470e+03
7.192532286352040501e+03
7.202497209821427532e+03
7.212462133290815473e+03
7.222427056760203413e+03
7.232391980229590445e+03
7.242356903698978385e+03
7.252321827168367236e+03
7.262286750637754267e+03
7.272251674107142208e+03
7.282216597576530148e+03
7.292181521045917179e+03
7.302146444515305120e+03
7.312111367984693061e+03
7.322076291454080092e+03
7.332041214923468942e+03
7.342006138392856883e+03
7.351971061862244824e+03
7.361935985331632764e+03
7.371900908801019796e+03
7.381865832270406827e+03
7.391830755739795677e+03
7.401795679209183618e+03
7.411760602678570649e+03
7.421725526147958590e+03
7.431690449617346530e+03
7.441655373086733562e+03
7.451620296556121502e+03
7.461585220025510353e+03
7.471550143494897384e+03
7.481515066964285325e+03
7.491479990433673265e+03
7.501444913903059387e+03
7.511409837372447328e+03
7.521374760841837087e+03
7.531339684311224119e+03
7.541304607780612059e+03
7.551269531250000000e+03
7.561234454719387031e+03
7.571199378188774972e+03
7.581164301658162913e+03
7.591129225127549944e+03
7.601094148596938794e+03
7.611059072066326735e+03
7.621023995535713766e+03
7.630988919005101707e+03
7.640953842474489647e+03
7.650918765943876679e+03
7.660883689413265529e+03
7.670848612882653470e+03
7.680813536352040501e+03
7.690778459821427532e+03
7.700743383290816382e+03
7.710708306760203413e+03
7.720673230229590445e+03
7.730638153698978385e+03
7.740603077168367236e+03
7.750568000637754267e+03
7.760532924107142208e+03
7.770497847576530148e+03
7.780462771045917179e+03
7.790427694515305120e+03
7.800392617984693061e+03
7.810357541454080092e+03
7.820322464923468942e+03
7.830287388392856883e+03
7.840252311862244824e+03
7.850217235331632764e+03
7.860182158801019796e+03
7.870147082270406827e+03
7.880112005739795677e+03
7.890076929209183618e+03
7.900041852678570649e+03
7.910006776147958590e+03
7.919971699617346530e+03
7.929936623086733562e+03
7.939901546556121502e+03
7.949866470025510353e+03
7.959831393494897384e+03
7.969796316964285325e+03
7.979761240433673265e+03
7.989726163903059387e+03
7.999691087372447328e+03
8.009656010841837087e+03
8.019620934311224119e+03
8.029585857780612059e+03
8.039550781250000000e+03
8.049515704719387031e+03
8.059480628188774972e+03
8.069445551658162913e+03
8.079410475127549944e+03
8.089375398596938794e+03
8.099340322066326735e+03
8.109305245535713766e+03
8.119270169005101707e+03
8.129235092474489647e+03
8.139200015943876679e+03
8.149164939413263710e+03
8.159129862882653470e+03
8.169094786352040501e+03
8.179059709821427532e+03
8.189024633290816382e+03
8.198989556760203413e+03
8.208954480229591354e+03
8.218919403698979295e+03
8.228884327168367236e+03
8.238849250637753357e+03
8.248814174107141298e+03
8.258779097576531058e+03
8.268744021045918998e+03
8.278708944515306939e+03
8.288673867984693061e+03
8.298638791454081002e+03
8.308603714923468942e+03
8.318568638392856883e+03
8.328533561862243005e+03
8.338498485331632764e+03
8.348463408801020705e+03
8.358428332270406827e+03
8.368393255739794768e+03
8.378358179209182708e+03
8.388323102678570649e+03
8.398288026147956771e+03
8.408252949617346530e+03
8.418217873086732652e+03
8.428182796556120593e+03
8.438147720025510353e+03
8.448112643494896474e+03
8.458077566964284415e+03
8.468042490433674175e+03
8.478007413903058477e+03
8.487972337372448237e+03
8.497937260841836178e+03
8.507902184311224119e+03
8.517867107780612059e+03
8.527832031250000000e+03
8.537796954719386122e+03
8.547761878188775881e+03
8.557726801658163822e+03
8.567691725127549944e+03
8.577656648596937885e+03
8.587621572066325825e+03
8.597586495535711947e+03
8.607551419005101707e+03
8.617516342474489647e+03
8.627481265943877588e+03
8.637446189413263710e+03
8.647411112882653470e+03
8.657376036352039591e+03
8.667340959821427532e+03
8.677305883290815473e+03
8.687270806760203413e+03
8.697235730229591354e+03
8.707200653698979295e+03
8.717165577168367236e+03
8.727130500637753357e+03
8.737095424107141298e+03
8.747060347576531058e+03
8.757025271045918998e+03
8.766990194515306939e+03
8.776955117984693061e+03
8.786920041454081002e+03
8.796884964923468942e+03
8.806849888392856883e+03
8.816814811862243005e+03
8.826779735331632764e+03
8.836744658801020705e+03
8.846709582270406827e+03
8.856674505739794768e+03
8.866639429209182708e+03
8.876604352678570649e+03
8.886569276147956771e+03
8.896534199617346530e+03
8.906499123086732652e+03
8.916464046556120593e+03
8.926428970025510353e+03
8.936393893494896474e+03
8.946358816964284415e+03
8.956323740433674175e+03
8.966288663903058477e+03
8.976253587372448237e+03
8.986218510841836178e+03
8.996183434311224119e+03
9.006148357780612059e+03
9.016113281250000000e+03
9.026078204719386122e+03
9.036043128188775881e+03
9.046008051658163822e+03
9.055972975127549944e+03
9.065937898596937885e+03
9.075902822066325825e+03
9.085867745535711947e+03
9.095832669005101707e+03
9.105797592474489647e+03
9.115762515943877588e+03
9.125727439413263710e+03
9.135692362882653470e+03
9.145657286352039591e+03
9.155622209821427532e+03
9.165587133290815473e+03
9.175552056760203413e+03
9.185516980229591354e+03
9.195481903698979295e+03
9.205446827168367236e+03
9.215411750637753357e+03
9.225376674107141298e+03
9.235341597576531058e+03
9.245306521045918998e+03
9.255271444515306939e+03
9.265236367984693061e+03
9.275201291454081002e+03
9.285166214923468942e+03
9.295131138392856883e+03
9.305096061862243005e+03
9.315060985331632764e+03
9.325025908801020705e+03
9.334990832270406827e+03
9.344955755739794768e+03
9.354920679209182708e+03
9.364885602678570649e+03
9.374850526147956771e+03
9.384815449617346530e+03
9.394780373086732652e+03
9.404745296556122412e+03
9.414710220025510353e+03
9.424675143494896474e+03
9.434640066964284415e+03
9.444604990433674175e+03
9.454569913903058477e+03
9.464534837372448237e+03
9.474499760841836178e+03
9.484464684311222300e+03
9.494429607780612059e+03
9.504394531250000000e+03
9.514359454719386122e+03
9.524324378188774062e+03
9.534289301658163822e+03
9.544254225127549944e+03
9.554219148596937885e+03
9.564184072066325825e+03
9.574148995535711947e+03
9.584113919005101707e+03
9.594078842474489647e+03
9.604043765943877588e+03
9.614008689413263710e+03
9.623973612882653470e+03
9.633938536352039591e+03
9.643903459821427532e+03
9.653868383290815473e+03
9.663833306760203413e+03
9.673798230229591354e+03
9.683763153698979295e+03
9.693728077168367236e+03
9.703693000637753357e+03
9.713657924107141298e+03
9.723622847576531058e+03
9.733587771045918998e+03
9.743552694515306939e+03
9.753517617984693061e+03
9.763482541454081002e+03
9.773447464923468942e+03
9.783412388392856883e+03
9.793377311862243005e+03
9.803342235331632764e+03
9.813307158801020705e+03
9.823272082270406827e+03
9.833237005739794768e+03
9.843201929209182708e+03
9.853166852678570649e+03
9.863131776147956771e+03
9.873096699617346530e+03
9.883061623086732652e+03
9.893026546556122412e+03
9.902991470025510353e+03
9.912956393494896474e+03
9.922921316964284415e+03
9.932886240433674175e+03
9.942851163903058477e+03
9.952816087372448237e+03
9.962781010841836178e+03
9.972745934311222300e+03
9.982710857780612059e+03
9.992675781250000000e+03
1.000264070471938612e+04
1.001260562818877406e+04
1.002257055165816382e+04
1.003253547512754994e+04
1.004250039859693788e+04
1.005246532206632583e+04
1.006243024553571195e+04
1.007239516900510171e+04
1.008236009247448965e+04
1.009232501594387759e+04
1.010228993941326371e+04
1.011225486288265347e+04
1.012221978635203959e+04
1.013218470982142753e+04
1.014214963329081547e+04
1.015211455676020341e+04
1.016207948022959135e+04
1.017204440369897929e+04
1.018200932716836724e+04
1.019197425063775336e+04
1.020193917410714130e+04
1.021190409757653106e+04
1.022186902104591900e+04
1.023183394451530694e+04
1.024179886798469306e+04
1.025176379145408100e+04
1.026172871492346894e+04
1.027169363839285688e+04
1.028165856186224300e+04
1.029162348533163276e+04
1.030158840880102071e+04
1.031155333227040683e+04
1.032151825573979477e+04
1.033148317920918271e+04
1.034144810267857065e+04
1.035141302614795677e+04
1.036137794961734653e+04
1.037134287308673265e+04
1.038130779655612241e+04
1.039127272002551035e+04
1.040123764349489647e+04
1.041120256696428442e+04
1.042116749043367417e+04
1.043113241390305848e+04
1.044109733737244824e+04
1.045106226084183618e+04
1.046102718431122230e+04
1.047099210778061206e+04
1.048095703125000000e+04
1.049092195471938612e+04
1.050088687818877406e+04
1.051085180165816382e+04
1.052081672512754994e+04
1.053078164859693788e+04
1.054074657206632583e+04
1.055071149553571377e+04
1.056067641900509989e+04
1.057064134247448965e+04
1.058060626594387759e+04
1.059057118941326371e+04
1.060053611288265347e+04
1.061050103635203959e+04
1.062046595982142753e+04
1.063043088329081365e+04
1.064039580676020523e+04
1.065036073022959135e+04
1.066032565369897748e+04
1.067029057716836724e+04
1.068025550063775336e+04
1.069022042410714130e+04
1.070018534757653288e+04
1.071015027104591900e+04
1.072011519451530694e+04
1.073008011798469306e+04
1.074004504145408100e+04
1.075000996492346530e+04
1.075997488839285870e+04
1.076993981186224664e+04
1.077990473533163095e+04
1.078986965880102071e+04
1.079983458227040683e+04
1.080979950573979113e+04
1.081976442920918271e+04
1.082972935267857247e+04
1.083969427614796041e+04
1.084965919961734653e+04
1.085962412308673083e+04
1.086958904655612059e+04
1.087955397002550853e+04
1.088951889349490011e+04
1.089948381696428623e+04
1.090944874043367417e+04
1.091941366390305848e+04
1.092937858737244824e+04
1.093934351084183436e+04
1.094930843431122594e+04
1.095927335778061388e+04
1.096923828125000000e+04
1.097920320471938612e+04
1.098916812818877224e+04
