5.323495626886536400e-32
6.436283042476636486e-32
4.457511611042646270e-32
6.652604186136423370e-32
5.594691977142361079e-32
6.716454825541433929e-32
5.493836648216862326e-32
5.633984256439186026e-32
7.356040715437607314e-32
5.859141610286451525e-32
5.942300382298965747e-32
6.022596115523898637e-32
6.369185790597230946e-32
7.055364696845695584e-32
6.917011115440902675e-32
5.941227857292781920e-32
6.735866669385275045e-32
6.400593178691517154e-32
6.727168746629889016e-32
7.366934663130839464e-32
7.127694645703831149e-32
7.799376783270093226e-32
7.424138909542709715e-32
6.753168198524919296e-32
7.056516944491220676e-32
7.933762411847805317e-32
6.840511110113121900e-32
7.656000970507424301e-32
6.592875906557611145e-32
6.571033450942874213e-32
5.783028438774258187e-32
5.954118834832861636e-32
5.360385959366995251e-32
6.727698895031401188e-32
5.934321618335114912e-32
6.467964794365519260e-32
6.156385004491776041e-32
6.976575409085193955e-32
8.107882398495581606e-32
6.421721482892633408e-32
6.534893481177873136e-32
6.331113126463604359e-32
6.827185360642235696e-32
7.521683349698420509e-32
6.475445504691390630e-32
7.182186100574699295e-32
5.949148712331898490e-32
5.902951439561327938e-32
7.163518126135200318e-32
7.478293910732527713e-32
7.064644168618639343e-32
6.285042096362266086e-32
6.400554898921719994e-32
6.736937272200589808e-32
5.552353492819522327e-32
5.639206041409134504e-32
6.814351078494963699e-32
6.314722752936340237e-32
6.465596830492334468e-32
6.905621284220454257e-32
7.792773701769440332e-32
6.037252707160694245e-32
6.306129024793510993e-32
7.148884309802864299e-32
6.092361671887417355e-32
6.915628863738357228e-32
6.826610046779374777e-32
6.830163699799731186e-32
7.533608723879002326e-32
5.626754664029793941e-32
5.504818841396698197e-32
6.094663966173600056e-32
7.157768746857982913e-32
5.359001320072251431e-32
6.424210135428581062e-32
6.166208578705772046e-32
6.904970895841916173e-32
7.051251013032115039e-32
6.787543799298978924e-32
6.840407435239312577e-32
6.257647821654600634e-32
6.578702158900723734e-32
8.952196120056466129e-32
7.332142292128106538e-32
7.355262714387610162e-32
6.747998399183253489e-32
7.647510860556466102e-32
6.337420348453033387e-32
7.771499704627434549e-32
6.377328672850021674e-32
6.577418137703767994e-32
6.539681132046023996e-32
5.342810844269116546e-32
5.796764786258324264e-32
5.410032664361797088e-32
7.076270385358135510e-32
6.896157662465441156e-32
6.163913924150445611e-32
6.751861597320693042e-32
6.798729127696979440e-32
7.949645923171448740e-32
6.407384107676028214e-32
6.666539158858501325e-32
5.805938844469764418e-32
6.390211893218000574e-32
7.045125519650090824e-32
6.586756218723229761e-32
7.933733581702299801e-32
8.092600229667729184e-32
5.979348795206903511e-32
8.180984779662119710e-32
7.055386054361462317e-32
7.615436464601918370e-32
6.900640495547134527e-32
7.345886962709498605e-32
5.687507547527728397e-32
6.525951333532599293e-32
6.419452439296649556e-32
6.934618003122656144e-32
7.603086303821140745e-32
6.617339248260594820e-32
6.792481043827511635e-32
6.960712644109387798e-32
7.417340274027639463e-32
8.489939249764660460e-32
8.371655386872121035e-32
6.301675230059850338e-32
6.485831447763469489e-32
5.527114948440564172e-32
7.375202983381699360e-32
6.965879933163307433e-32
6.829880503740340737e-32
6.751475311847815274e-32
6.438864662082278388e-32
7.872194473281830389e-32
7.967685487885426994e-32
7.371916065246978482e-32
6.066685786357678893e-32
7.905418234760783122e-32
6.466768651486353540e-32
7.179678539984600386e-32
7.435023104883964737e-32
6.883914064859355301e-32
7.299582009956087795e-32
6.523678251575213138e-32
7.206032441200794657e-32
7.212477994209569253e-32
6.452589523420101442e-32
6.638196898707448300e-32
7.488231978363053305e-32
7.755880407578308132e-32
6.993148119947865703e-32
6.766691250792511099e-32
6.855650251321943696e-32
8.271001783138695296e-32
8.095355950979335846e-32
7.635783477215423581e-32
6.876466648398278543e-32
8.866236681164941048e-32
6.733645912918007985e-32
7.341191798225516056e-32
8.256727088052354547e-32
6.830831036860392429e-32
7.978214574544488666e-32
6.436085871422407174e-32
9.100084824770764027e-32
8.289426305708016012e-32
7.317603627721938436e-32
7.046065221675526633e-32
8.059490582926527811e-32
8.669784631090365426e-32
8.121498942156324317e-32
1.048097193616352590e-31
8.462739472697050706e-32
8.097583824568571100e-32
9.027885799292498393e-32
7.797910742901385734e-32
7.109696225401005946e-32
1.032902128462855599e-31
8.949002980822872112e-32
8.703544797809424299e-32
9.203394353460845799e-32
8.864690626125339881e-32
9.979500591699146849e-32
8.089142542955286151e-32
9.287749288623688525e-32
9.001402422382792083e-32
9.230471986141186842e-32
9.627475569398399134e-32
8.511854027362237613e-32
9.011674402181797790e-32
9.017707458121811113e-32
1.036248157735735893e-31
8.612155655133110030e-32
1.120790356134499383e-31
1.085559916678335746e-31
1.221634563283419735e-31
9.768206991141500173e-32
1.018004228277495381e-31
1.287770707505112343e-31
1.170362017549903485e-31
1.263514096681423107e-31
1.206734159168478732e-31
1.133622131949277268e-31
1.296046077588825260e-31
1.455247732396986456e-31
1.511884124824339592e-31
1.030597892160483423e-31
1.502457958056277345e-31
1.642912299256638387e-31
1.640697003789695032e-31
1.800631663752671423e-31
1.569798954234444983e-31
1.849379467253668480e-31
1.686328950796471170e-31
1.595638118595357530e-31
1.835771671549753397e-31
1.798556526998798125e-31
2.224623771765357839e-31
2.470938146774473327e-31
1.899751623190863168e-31
2.380178948817227113e-31
2.097442610107681761e-31
2.463867981834274918e-31
2.492122591893983025e-31
2.261736189904479357e-31
2.566579361981791307e-31
2.370149837650182326e-31
2.386761783376883758e-31
2.942489035140772567e-31
2.987495673050394595e-31
3.060660301228906974e-31
3.167311512867122938e-31
2.465656620864914645e-31
3.251073146340145501e-31
3.749232764388140071e-31
3.076841643651872859e-31
3.092220219055433727e-31
3.033687371842060438e-31
4.350269043514113340e-31
2.938389930286127129e-31
3.227511235784952702e-31
3.134350826320024933e-31
2.867840619713459363e-31
3.303040436675441453e-31
2.912063766104841114e-31
2.978681757971086497e-31
3.629204028473792887e-31
2.328185841977620413e-31
2.481321035672520830e-31
2.504049390755963272e-31
2.354796276426441088e-31
2.641255365880432915e-31
2.527524562519022144e-31
2.231958819839953360e-31
2.307521958561257616e-31
2.218183109685160795e-31
2.054933669803572291e-31
2.387831912659073574e-31
1.922148290601494661e-31
2.355407427842842224e-31
1.987149664499969066e-31
1.803224744264750919e-31
1.780748535277407529e-31
1.776169972436101386e-31
1.566205416392306249e-31
1.371291426345495462e-31
1.515258629136273775e-31
1.420800132478013920e-31
1.386625674991058527e-31
1.432495769317329509e-31
1.296078612141799226e-31
1.268166386037679985e-31
1.577486758622260885e-31
1.119773875790456659e-31
1.332556750514495416e-31
1.193906046020142149e-31
1.283349697291600639e-31
1.296397467176918650e-31
1.080628837510605487e-31
1.204673599754535034e-31
9.025302663363833517e-32
1.044105124802735700e-31
9.940375623691532203e-32
1.130869929201317207e-31
9.858183205821522600e-32
8.395689284837108886e-32
9.241292768818700991e-32
9.997962210798892405e-32
1.000811407445046019e-31
1.158054036366251090e-31
9.634595278207025304e-32
9.029545895016168848e-32
7.882276997947946834e-32
1.040444220129758973e-31
9.282788439516209051e-32
8.420256659662725030e-32
1.002215855724255483e-31
8.838174532981831655e-32
9.833150757601625402e-32
6.080936368241884638e-32
8.295507254592923348e-32
8.663565465212630279e-32
8.043006112672051565e-32
7.654265582576893400e-32
9.092634337960675964e-32
7.726055060924865618e-32
8.640562875002847314e-32
9.242246639152917771e-32
8.227379079738989477e-32
8.284777973836728581e-32
8.891682888950137101e-32
7.247927794896733011e-32
6.892090564318763277e-32
7.292436074688301989e-32
6.643954430011841917e-32
8.070848898301213567e-32
7.807578304739814092e-32
7.637124229081354157e-32
8.965131560276770737e-32
8.098359894894908201e-32
7.027714942902367079e-32
7.911971857782560817e-32
6.225201526312997382e-32
8.534354315061494284e-32
7.883787813868054125e-32
8.209353355381223578e-32
6.807018547149115303e-32
7.175598784200097220e-32
8.040151696578440124e-32
6.710212846677588899e-32
6.249075083430182171e-32
8.644769048416987777e-32
6.832759106042978502e-32
6.604231180138770539e-32
7.029909093677592211e-32
8.090490571982930636e-32
7.669600505086946825e-32
7.752208070961129499e-32
7.657286113768444366e-32
7.669692613107355372e-32
8.422681941788081874e-32
6.451959152525052347e-32
8.574839407379578472e-32
6.538407366968401638e-32
6.933423060097867052e-32
6.653369314664994438e-32
7.171586410299062791e-32
6.635775334026225095e-32
7.168935549639640606e-32
6.823352254075336371e-32
7.003845235851004095e-32
5.748118681163302422e-32
6.740640541605499943e-32
6.911506221172229055e-32
6.819244538723590689e-32
7.208795372614919195e-32
6.166383823627390982e-32
6.441813483676193734e-32
6.622168279210512025e-32
7.126349777000320433e-32
6.356730044156169138e-32
6.336085054048997254e-32
6.999045967725995824e-32
6.354337327176190111e-32
6.087063815356005120e-32
5.166967051847878241e-32
7.150724515557921329e-32
6.083605877325256436e-32
7.257981536264661967e-32
7.607602383408957188e-32
6.532803671199910809e-32
7.080024178843711373e-32
6.009416310105317936e-32
6.704720731552437080e-32
6.056357150034035675e-32
7.967097182630217398e-32
7.019596897634372271e-32
6.555456366687903175e-32
6.381441504554080759e-32
5.814686548428360640e-32
5.831785683968877210e-32
6.135014592418200739e-32
7.820184576012495088e-32
7.265790731760122581e-32
6.567387501920078048e-32
6.469039195159071623e-32
6.640743056407506401e-32
8.091326338785610886e-32
6.300153347187129611e-32
7.089308333818867138e-32
6.390232844044228261e-32
6.694916090530973746e-32
6.803943231012351531e-32
5.737458713188226260e-32
5.671996058347080970e-32
5.976810465973023864e-32
6.940659560120870598e-32
8.072513086432164333e-32
7.104279638705695638e-32
7.384530333635535821e-32
7.340162640646004259e-32
6.513611552108439362e-32
6.262668217410772569e-32
8.025096344924272569e-32
6.495568096950297402e-32
6.630983531745654965e-32
6.967943553844514746e-32
7.211808783666232067e-32
7.233916349950040302e-32
6.263326122756753579e-32
6.100912447359042313e-32
7.002367439821316998e-32
5.472116373410073932e-32
6.996572096415629452e-32
7.677565647729161676e-32
6.722292868307066065e-32
6.907371058780061263e-32
7.066907139021365739e-32
5.650579742313614578e-32
6.113846900086876481e-32
7.673755141804858088e-32
8.294284059389884898e-32
5.861031686577470670e-32
7.091722403675336261e-32
5.662555426987796309e-32
7.542473715634081248e-32
6.555085652871236181e-32
6.107610428503329474e-32
5.518298232706676203e-32
5.815866707527224709e-32
6.864349261989509491e-32
6.695536616162495749e-32
7.360261592755442367e-32
7.261205043274434089e-32
6.997403060062795747e-32
6.648158333162991460e-32
6.153075153760851980e-32
6.909714272983974895e-32
6.289042019382548829e-32
6.352115910075389884e-32
7.305068486370568410e-32
7.396854090558815704e-32
7.079849713569295625e-32
6.520841964947472696e-32
5.356229728676894498e-32
7.372893606031962036e-32
5.618402422440852759e-32
7.402986846993546302e-32
5.778869775765021279e-32
6.671094608148959416e-32
