6.351484638803594031e-32
6.353119885693244208e-32
6.354775702422909962e-32
6.356452434563682216e-32
6.358150434955340298e-32
6.359870063890104857e-32
6.361611689301818639e-32
6.363375686960735724e-32
6.365162440674119596e-32
6.366972342492835040e-32
6.368805792924145166e-32
6.370663201150931421e-32
6.372544985257542389e-32
6.374451572462524291e-32
6.376383399358458690e-32
6.378340912159143876e-32
6.380324566954410043e-32
6.382334829972811300e-32
6.384372177852472577e-32
6.386437097920404538e-32
6.388530088480567847e-32
6.390651659111000994e-32
6.392802330970354331e-32
6.394982637114155476e-32
6.397193122821162962e-32
6.399434345930186940e-32
6.401706877187738184e-32
6.404011300606932384e-32
6.406348213838047094e-32
6.408718228551161613e-32
6.411121970831352706e-32
6.413560081586891752e-32
6.416033216970948001e-32
6.418542048817309197e-32
6.421087265090641760e-32
6.423669570351858726e-32
6.426289686239162515e-32
6.428948351965386563e-32
6.431646324832235725e-32
6.434384380762121741e-32
6.437163314848239663e-32
6.439983941923646111e-32
6.442847097150048758e-32
6.445753636627112797e-32
6.448704438023105466e-32
6.451700401227701882e-32
6.454742449027892596e-32
6.457831527807870873e-32
6.460968608273928764e-32
6.464154686205345079e-32
6.467390783232333743e-32
6.470677947642197670e-32
6.474017255214833261e-32
6.477409810088791978e-32
6.480856745659222543e-32
6.484359225509000925e-32
6.487918444374454884e-32
6.491535629147167569e-32
6.495212039913380803e-32
6.498948971032640191e-32
6.502747752257337357e-32
6.506609749894958924e-32
6.510536368014886949e-32
6.514529049701701652e-32
6.518589278357043527e-32
6.522718579052175080e-32
6.526918519933509465e-32
6.531190713683483841e-32
6.535536819039225335e-32
6.539958542371698372e-32
6.544457639328007861e-32
6.549035916539800977e-32
6.553695233400770472e-32
6.558437503916483599e-32
6.563264698629886624e-32
6.568178846626011170e-32
6.573182037619616626e-32
6.578276424129704300e-32
6.583464223744996651e-32
6.588747721484758454e-32
6.594129272259531640e-32
6.599611303436621577e-32
6.605196317515413404e-32
6.610886894917905750e-32
6.616685696900116297e-32
6.622595468590348649e-32
6.628619042160617584e-32
6.634759340137917323e-32
6.641019378862348074e-32
6.647402272099568226e-32
6.653911234815389916e-32
6.660549587120878678e-32
6.667320758396702162e-32
6.674228291606052017e-32
6.681275847805956802e-32
6.688467210867417921e-32
6.695806292415383013e-32
6.703297137000245601e-32
6.710943927513249491e-32
6.718750990858905545e-32
6.726722803898347323e-32
6.734863999678388488e-32
6.743179373961911934e-32
6.751673892076227764e-32
6.760352696097072907e-32
6.769221112386953132e-32
6.778284659507775170e-32
6.787549056528943874e-32
6.797020231753434957e-32
6.806704331885796768e-32
6.816607731667591289e-32
6.826737044007366507e-32
6.837099130634125417e-32
6.847701113305040327e-32
6.858550385600242241e-32
6.869654625339683857e-32
6.881021807659416398e-32
6.892660218787087010e-32
6.904578470559203647e-32
6.916785515725577178e-32
6.929290664089454111e-32
6.942103599535200015e-32
6.955234397999020675e-32
6.968693546442002493e-32
6.982491962889002384e-32
6.996641017601323884e-32
7.011152555456054655e-32
7.026038919610010412e-32
7.041312976532006298e-32
7.056988142493136619e-32
7.073078411611312422e-32
7.089598385553438833e-32
7.106563305006188689e-32
7.123989083034590144e-32
7.141892340456667845e-32
7.160290443371905027e-32
7.179201542991882437e-32
7.198644617932696499e-32
7.218639519141051169e-32
7.239207017639211630e-32
7.260368855288457784e-32
7.282147798786234300e-32
7.304567697129200022e-32
7.327653542792818684e-32
7.351431536898063051e-32
7.375929158657532394e-32
7.401175239416892911e-32
7.427200041633238234e-32
7.454035343159678960e-32
7.481714527236017341e-32
7.510272678618211670e-32
7.539746686315218010e-32
7.570175353440962095e-32
7.601599514731701760e-32
7.634062162325219587e-32
7.667608580448915053e-32
7.702286489718629938e-32
7.738146201809854312e-32
7.775240785328129560e-32
7.813626243776334459e-32
7.853361706593592063e-32
7.894509634324789281e-32
7.937136039070762479e-32
7.981310721468704445e-32
8.027107525560309376e-32
8.074604613022300276e-32
8.123884758361140054e-32
8.175035666811456634e-32
8.228150316826957238e-32
8.283327329213191442e-32
8.340671365125410602e-32
8.400293555341345368e-32
8.462311963418524092e-32
8.526852085559860212e-32
8.594047390238437509e-32
8.664039900873238579e-32
8.736980825100378008e-32
8.813031234448769794e-32
8.892362798501624669e-32
8.975158577902764700e-32
9.061613880845743263e-32
9.151937187955379401e-32
9.246351150729573778e-32
9.345093668939609702e-32
9.448419052576673756e-32
9.556599274058590885e-32
9.669925316450730937e-32
9.788708623371151894e-32
9.913282656003568637e-32
1.004400456217582956e-31
1.018125696170637759e-31
1.032544985109130967e-31
1.047702262898648278e-31
1.063644624169811457e-31
1.080422544485105238e-31
1.098090117334778282e-31
1.116705300638637928e-31
1.136330170734082750e-31
1.157031180931358947e-31
1.178879420563884760e-31
1.201950868993025254e-31
1.226326637169396299e-31
1.252093187015677185e-31
1.279342515974819718e-31
1.308172290437118882e-31
1.338685907277907351e-31
1.370992457244013415e-31
1.405206557248225819e-31
1.441448010585958507e-31
1.479841244506985697e-31
1.520514463318385272e-31
1.563598442194493302e-31
1.609224872185252622e-31
1.657524150815462536e-31
1.708622495748051543e-31
1.762638242324610371e-31
1.819677171158833039e-31
1.879826702047778396e-31
1.943148789207031942e-31
2.009671365678236733e-31
2.079378218895865992e-31
2.152197243847074891e-31
2.227987125540445767e-31
2.306522659754287091e-31
2.387479140162912774e-31
2.470416526473596965e-31
2.554764458672848592e-31
2.639809578329585482e-31
2.724687018796454919e-31
2.808378264373877589e-31
2.889717757579532975e-31
2.967410535342478302e-31
3.040062678645315310e-31
3.106225376935729616e-31
3.164451926289553176e-31
3.213365108192674976e-31
3.251730390209481103e-31
3.278528637570473516e-31
3.293020970928761314e-31
3.294798431907045687e-31
3.283810406118802010e-31
3.260368186647316970e-31
3.225123216914447914e-31
3.179022801805114911e-31
3.123248763737204155e-31
3.059146151928500489e-31
2.988149483114594237e-31
2.911713205956053434e-31
2.831251478596727636e-31
2.748090370487745076e-31
2.663433658392442204e-31
2.578341778882977619e-31
2.493722374628918509e-31
2.410330246820432708e-31
2.328774328728371051e-31
2.249529409896981014e-31
2.172950645323579210e-31
2.099289275519783337e-31
2.028708385731119749e-31
1.961297898325830806e-31
1.897088297520050541e-31
1.836062823181409063e-31
1.778168044010578228e-31
1.723322839006163962e-31
1.671425890797391680e-31
1.622361836005922759e-31
1.576006235752008191e-31
1.532229531460339443e-31
1.490900143157822978e-31
1.451886853813305338e-31
1.415060606958334974e-31
1.380295827847765156e-31
1.347471362015121954e-31
1.316471109961948286e-31
1.287184423239485347e-31
1.259506315442657287e-31
1.233337531601478057e-31
1.208584510999980836e-31
1.185159271412245855e-31
1.162979236940517376e-31
1.141967026894265311e-31
1.122050219297613382e-31
1.103161099507421963e-31
1.085236401936846293e-31
1.068217050897894616e-31
1.052047905008427629e-31
1.036677508374985137e-31
1.022057850798386314e-31
1.008144138500847675e-31
9.948945762975452359e-32
9.822701616970782066e-32
9.702344910851000953e-32
9.587535779010660686e-32
9.477956825402324491e-32
9.373311535878977780e-32
9.273322799078523936e-32
9.177731530531488453e-32
9.086295394371203936e-32
8.998787616903102051e-32
8.914995886296633307e-32
8.834721332770729787e-32
8.757777583816694309e-32
8.683989889223280291e-32
8.613194310920978919e-32
8.545236972931163504e-32
8.479973366983332682e-32
8.417267709642168229e-32
8.356992347061070069e-32
8.299027203744744954e-32
8.243259271960269075e-32
8.189582138680256142e-32
8.137895547172422781e-32
8.088104990568113921e-32
8.040121334945602656e-32
7.993860469654810686e-32
7.949242982786579184e-32
7.906193859854855968e-32
7.864642203911659487e-32
7.824520975456027338e-32
7.785766750627946824e-32
7.748319496298237035e-32
7.712122360775743562e-32
7.677121478954912795e-32
7.643265790820357080e-32
7.610506872310912825e-32
7.578798777624720353e-32
7.548097892119544428e-32
7.518362795029060245e-32
7.489554131277218598e-32
7.461634491728831756e-32
7.434568301266385002e-32
7.408321714130265272e-32
7.382862516003394424e-32
7.358160032360922339e-32
7.334185042642766172e-32
7.310909699840269865e-32
7.288307455119399633e-32
7.266352987131447046e-32
7.245022135688388170e-32
7.224291839504348874e-32
7.204140077726516173e-32
7.184545814999781642e-32
7.165488949827675627e-32
7.146950266009993460e-32
7.128911386953197384e-32
7.111354732664549158e-32
7.094263479254416950e-32
7.077621520784000042e-32
7.061413433306890294e-32
7.045624440963971573e-32
7.030240384000829512e-32
7.015247688585976499e-32
7.000633338316735939e-32
6.986384847307373126e-32
6.972490234761274533e-32
6.958938000935690439e-32
6.945717104413815680e-32
6.932816940604576444e-32
6.920227321395951734e-32
6.907938455892567027e-32
6.895940932172778553e-32
6.884225700004883967e-32
6.872784054465895135e-32
6.861607620410083478e-32
6.850688337737818926e-32
6.840018447418513247e-32
6.829590478224300874e-32
6.819397234133939978e-32
6.809431782368899496e-32
6.799687442026024896e-32
6.790157773273366082e-32
6.780836567077804643e-32
6.771717835435123229e-32
6.762795802074830474e-32
6.754064893613849176e-32
6.745519731134692828e-32
6.737155122165197349e-32
6.728966053038315616e-32
6.720947681611660349e-32
6.713095330327771617e-32
6.705404479597136223e-32
6.697870761487100694e-32
6.690489953700683368e-32
6.683257973830370491e-32
6.676170873872697260e-32
6.669224834990305823e-32
6.662416162508879523e-32
6.655741281137101448e-32
6.649196730398440052e-32
6.642779160264142620e-32
6.636485326977487360e-32
6.630312089059822231e-32
6.624256403489472537e-32
6.618315322045081053e-32
6.612485987805399831e-32
6.606765631797950270e-32
6.601151569789481448e-32
6.595641199211355984e-32
6.590231996213542251e-32
6.584921512841109637e-32
6.579707374327458539e-32
6.574587276498865998e-32
6.569558983285167652e-32
6.564620324331661613e-32
6.559769192707595737e-32
6.555003542706832971e-32
6.550321387736479927e-32
6.545720798289539710e-32
6.541199899997773772e-32
6.536756871761218065e-32
6.532389943950909379e-32
6.528097396681620769e-32
6.523877558151494755e-32
6.519728803045646888e-32
6.515649551000972125e-32
6.511638265129477303e-32
6.507693450597639287e-32
6.503813653259352923e-32
6.499997458340223448e-32
6.496243489170986452e-32
6.492550405967992853e-32
6.488916904658787228e-32
6.485341715750887729e-32
6.481823603241953573e-32
6.478361363569655256e-32
6.474953824599587831e-32
6.471599844649684731e-32
6.468298311549608215e-32
6.465048141733760031e-32
6.461848279366471587e-32
6.458697695498146394e-32
6.455595387251085951e-32
6.452540377033816733e-32
6.449531711782792848e-32
6.446568462230401514e-32
6.443649722198220366e-32
6.440774607914550072e-32
6.437942257355285138e-32
6.435151829607203294e-32
6.432402504252822838e-32
6.429693480775986065e-32
6.427023977987399141e-32
6.424393233469335848e-32
6.421800503038823126e-32
6.419245060228569472e-32
6.416726195785007784e-32
6.414243217182779386e-32
6.411795448155082275e-32
6.409382228239261778e-32
6.407002912337115938e-32
6.404656870289347443e-32
