1.953266317915112247e-33
1.969618786811617780e-33
1.986176954108268132e-33
2.002944275515989651e-33
2.019924279432571830e-33
2.037120568780219477e-33
2.054536822897361743e-33
2.072176799486530202e-33
2.090044336620368240e-33
2.108143354807518229e-33
2.126477859120627705e-33
2.145051941388484434e-33
2.163869782454592745e-33
2.182935654504418610e-33
2.202253923463759863e-33
2.221829051470613428e-33
2.241665599423277151e-33
2.261768229607281851e-33
2.282141708403898044e-33
2.302790909083220389e-33
2.323720814684849718e-33
2.344936520989177080e-33
2.366443239582712507e-33
2.388246301020722243e-33
2.410351158090799503e-33
2.432763389181039621e-33
2.455488701756554463e-33
2.478532935948495430e-33
2.501902068259639113e-33
2.525602215390788068e-33
2.549639638192693864e-33
2.574020745748084320e-33
2.598752099588647841e-33
2.623840418052265958e-33
2.649292580785591931e-33
2.675115633397758165e-33
2.701316792270799140e-33
2.727903449533036539e-33
2.754883178201529525e-33
2.782263737500385236e-33
2.810053078361568223e-33
2.838259349115638178e-33
2.866890901379656090e-33
2.895956296150303669e-33
2.925464310110229677e-33
2.955423942156195883e-33
2.985844420158096524e-33
3.016735207957877584e-33
3.048106012618462312e-33
3.079966791932619300e-33
3.112327762202504917e-33
3.145199406301153078e-33
3.178592482027509677e-33
3.212518030767092058e-33
3.246987386471396336e-33
3.282012184969184944e-33
3.317604373623723167e-33
3.353776221350844550e-33
3.390540329012985095e-33
3.427909640205576928e-33
3.465897452452543109e-33
3.504517428828759469e-33
3.543783610028038348e-33
3.583710426896192222e-33
3.624312713449612336e-33
3.665605720400923759e-33
3.707605129214269668e-33
3.750327066714005897e-33
3.793788120271421523e-33
3.838005353596156683e-33
3.882996323159255678e-33
3.928779095277182733e-33
3.975372263886872894e-33
4.022794969044006213e-33
4.071066916178039202e-33
4.120208396139278507e-33
4.170240306075334429e-33
4.221184171176215275e-33
4.273062167329141527e-33
4.325897144726752715e-33
4.379712652474493467e-33
4.434532964245387363e-33
4.490383105033302215e-33
4.547288879058227042e-33
4.605276898880330460e-33
4.664374615782657401e-33
4.724610351485345375e-33
4.786013331258341397e-33
4.848613718502657805e-33
4.912442650874859329e-33
4.977532278033071436e-33
5.043915801087953583e-33
5.111627513846197997e-33
5.180702845939693812e-33
5.251178407938742350e-33
5.323092038553348066e-33
5.396482854033004464e-33
5.471391299881628290e-33
5.547859205011671293e-33
5.625929838468223624e-33
5.705647968862641402e-33
5.787059926663058526e-33
5.870213669498290932e-33
5.955158850641447183e-33
6.041946890849901349e-33
6.130631053748705650e-33
6.221266524956920559e-33
6.313910495168607596e-33
6.408622247413517058e-33
6.505463248737144744e-33
6.604497246555089960e-33
6.705790369952836664e-33
6.809411236220420293e-33
6.915431062929580339e-33
7.023923785881595370e-33
7.134966183276006053e-33
7.248638006473332832e-33
7.365022117750038954e-33
7.484204635471208060e-33
7.606275087134948845e-33
7.731326570773712706e-33
7.859455925231174475e-33
7.990763909869374237e-33
8.125355394299201998e-33
8.263339558769191324e-33
8.404830105892410431e-33
8.549945484439714034e-33
8.698809125979278445e-33
8.851549695199238682e-33
9.008301354810540519e-33
9.169204045992299921e-33
9.334403785413555816e-33
9.504052979941055745e-33
9.678310760225074401e-33
9.857343334445850042e-33
1.004132436359822050e-32
1.023043535979799459e-32
1.042486610920614069e-32
1.062481512128968465e-32
1.083049010627128789e-32
1.104210848276375491e-32
1.125989791774151186e-32
1.148409690117117044e-32
1.171495535780735296e-32
1.195273529885980484e-32
1.219771151645449280e-32
1.245017232404810344e-32
1.271042034621155940e-32
1.297877336147596393e-32
1.325556520223934501e-32
1.354114671606128556e-32
1.383588679303135169e-32
1.414017346428879528e-32
1.445441507719619193e-32
1.477904155313136746e-32
1.511450573436832212e-32
1.546128482706547645e-32
1.581988194797771472e-32
1.619082778316047267e-32
1.657468236764251345e-32
1.697203699581509222e-32
1.738351627312706440e-32
1.780978032058679639e-32
1.825152714456621057e-32
1.870949518548226535e-32
1.918446606010217708e-32
1.967726751349057761e-32
2.018877659799373520e-32
2.071992309814874123e-32
2.127169322201108601e-32
2.184513358113327214e-32
2.244135548329262253e-32
2.306153956406441525e-32
2.370694078547777645e-32
2.437889383226355215e-32
2.507881893861155739e-32
2.580822818088294620e-32
2.656873227436687500e-32
2.736204791489542375e-32
2.819000570890681859e-32
2.905455873833660970e-32
2.995779180943297107e-32
3.090193143717490938e-32
3.188935661927526314e-32
3.292261045564590368e-32
3.400441267046507497e-32
3.513767309438647549e-32
3.632550616359068505e-32
3.757124648991485796e-32
3.887846555163747264e-32
4.025098954694294201e-32
4.169291844079227919e-32
4.320864621974399942e-32
4.480288234686032273e-32
4.648067437838969537e-32
4.824743166335699976e-32
5.010894999374296439e-32
5.207143700328744657e-32
5.414153802301505535e-32
5.632636198626765852e-32
5.863350682918170791e-32
6.107108364681880148e-32
6.364773863144689009e-32
6.637267152736114335e-32
6.925564897359105979e-32
7.230701065766989570e-32
7.553766565428051313e-32
7.895907565470176442e-32
8.258322098847501132e-32
8.642254438057775221e-32
9.048986626171768782e-32
9.479826414932849080e-32
9.936090714840443375e-32
1.041908350114254252e-31
1.093006695046843259e-31
1.147022441623402086e-31
1.204061370457624755e-31
1.264210901346570112e-31
1.327532988505823658e-31
1.394055564977028449e-31
1.463762418194657489e-31
1.536581443145866388e-31
1.612371324839237483e-31
1.690906859053079026e-31
1.771863339461704490e-31
1.854800725772388681e-31
1.939148657971640308e-31
2.024193777628376979e-31
2.109071218095246854e-31
2.192762463672669524e-31
2.274101956878324472e-31
2.351794734641270237e-31
2.424446877944107245e-31
2.490609576234521551e-31
2.548836125588344673e-31
2.597749307491466473e-31
2.636114589508272600e-31
2.662912836869265013e-31
2.677405170227552811e-31
2.679182631205837622e-31
2.668194605417593507e-31
2.644752385946108466e-31
2.609507416213239849e-31
2.563407001103906408e-31
2.507632963035996090e-31
2.443530351227291986e-31
2.372533682413386172e-31
2.296097405254844931e-31
2.215635677895519571e-31
2.132474569786536573e-31
2.047817857691233701e-31
1.962725978181769554e-31
1.878106573927710444e-31
1.794714446119224205e-31
1.713158528027162767e-31
1.633913609195772511e-31
1.557334844622371145e-31
1.483673474818574834e-31
1.413092585029911684e-31
1.345682097624622522e-31
1.281472496818842257e-31
1.220447022480200779e-31
1.162552243309369944e-31
1.107707038304955897e-31
1.055810090096183396e-31
1.006746035304714475e-31
9.603904350507997977e-32
9.166137307591311590e-32
8.752843424566146940e-32
8.362710531120971629e-32
7.994448062571265807e-32
7.646800271465567626e-32
7.318555613139137791e-32
7.008553092607400021e-32
6.715686225382770632e-32
6.438905147414490030e-32
6.177217309002697727e-32
5.929687102987726611e-32
5.695434707110376801e-32
5.473634362393090919e-32
5.263512261930570272e-32
5.064344185964050980e-32
4.875452988062135697e-32
4.696206012356380088e-32
4.526012501966863315e-32
4.364321043072194541e-32
4.210617076737768527e-32
4.064420500971780297e-32
3.925283377996393360e-32
3.792787755963368971e-32
3.666543609958699772e-32
3.546186903838918112e-32
3.431377771998577845e-32
3.321798818390241651e-32
3.217153528866895487e-32
3.117164792066441643e-32
3.021573523519405065e-32
2.930137387359121095e-32
2.842629609891019210e-32
2.758837879284550466e-32
2.678563325758646399e-32
2.601619576804611468e-32
2.527831882211197998e-32
2.457036303908896625e-32
2.389078965919080663e-32
2.323815359971249568e-32
2.261109702630085115e-32
2.200834340048986955e-32
2.142869196732661839e-32
2.087101264948185960e-32
2.033424131668173849e-32
1.981737540160340214e-32
1.931946983556031080e-32
1.883963327933520089e-32
1.837702462642728119e-32
1.793084975774496070e-32
1.750035852842773127e-32
1.708484196899576647e-32
1.668362968443944223e-32
1.629608743615863984e-32
1.592161489286154468e-32
1.555964353763661268e-32
1.520963471942830228e-32
1.487107783808274239e-32
1.454348865298829984e-32
1.422640770612636965e-32
1.391939885107461039e-32
1.362204788016977952e-32
1.333396124265135484e-32
1.305476484716748916e-32
1.278410294254302161e-32
1.252163707118182705e-32
1.226704508991311173e-32
1.202002025348840045e-32
1.178027035630683468e-32
1.154751692828187298e-32
1.132149448107317340e-32
1.110194980119364068e-32
1.088864128676305466e-32
1.068133832492265760e-32
1.047982070714433606e-32
1.028387807987698664e-32
1.009330942815593060e-32
9.907922589979106196e-33
9.727533799411142691e-33
9.551967256524660437e-33
9.381054722423335621e-33
9.214635137719177486e-33
9.052554262948078639e-33
8.894664339518887322e-33
8.740823769887462608e-33
8.590896815738933841e-33
8.444753313046535086e-33
8.302268402952902856e-33
8.163322277491915554e-33
8.027799939236078716e-33
7.895590974017329757e-33
7.766589335924938772e-33
7.640693143838687566e-33
7.517804488804843231e-33
7.397829251606959857e-33
7.280676929928012634e-33
7.166260474538117467e-33
7.054496133980006375e-33
6.945303307257366327e-33
6.838604404064304066e-33
6.734324712122181701e-33
6.632392271218567265e-33
6.532737753568161083e-33
6.435294350139420555e-33
6.339997662612832415e-33
6.246785600657222128e-33
6.155598284230406623e-33
6.066377950627478383e-33
5.979068866017666776e-33
5.893617241226098508e-33
5.809971151531143028e-33
5.728080460262325700e-33
5.647896745995776456e-33
5.569373233156883658e-33
5.492464725850538609e-33
5.417127544750178537e-33
5.343319466886005271e-33
5.270999668182874453e-33
5.200128668606144879e-33
5.130668279782235300e-33
5.062581554967967504e-33
4.995832741250181280e-33
4.930387233863574849e-33
4.866211532520594367e-33
4.803273199654043139e-33
4.741540820477398005e-33
4.680983964773901752e-33
4.621573150329983488e-33
4.563279807933168531e-33
4.506076247858672238e-33
4.449935627773981286e-33
4.394831921992732802e-33
4.340739892014598888e-33
4.287635058290271383e-33
4.235493673153756983e-33
4.184292694867830200e-33
4.134009762730844691e-33
4.084623173195784982e-33
4.036111856955134432e-33
3.988455356947499939e-33
3.941633807243974966e-33
3.895627912774572113e-33
3.850418929856910684e-33
3.805988647491348824e-33
3.762319369388266748e-33
3.719393896695377910e-33
3.677195511394123245e-33
3.635707960335641161e-33
3.594915439888898318e-33
3.554802581173940520e-33
3.515354435855560358e-33
3.476556462472702192e-33
3.438394513281404707e-33
3.400854821589035425e-33
3.363923989559097384e-33
3.327588976467045926e-33
3.291837087388052992e-33
3.256655962298711430e-33
3.222033565575724833e-33
3.187958175875051953e-33
3.154418376376015482e-33
3.121403045375253742e-33
3.088901347216771219e-33
3.056902723543889515e-33
3.025396884860630739e-33
2.994373802390026998e-33
2.963823700217334131e-33
2.933737047707096992e-33
2.904104552183186729e-33
2.874917151861375592e-33
2.846166009024669920e-33
2.817842503432023999e-33
2.789938225951208633e-33
2.762444972407401345e-33
2.735354737639035320e-33
2.708659709753161979e-33
2.682352264572530758e-33
2.656424960267403196e-33
2.630870532164863571e-33
2.605681887729245670e-33
2.580852101706970930e-33
2.556374411429996056e-33
2.532242212271792113e-33
2.508449053250334052e-33
2.484988632772649101e-33
